noise-data.txt   1 channel (mono)
Sample Rate: 44100 Hz. Sample values on linear scale.
Length processed: 537 samples 0.01218 seconds.


0.29536
-0.21867
0.21907
0.10385
-0.07121
0.34170
-0.03418
-0.30333
-0.12354
0.21188
0.00936
0.17916
0.16446
-0.20195
-0.11890
0.10160
-0.13983
0.13171
-0.22850
-0.15240
-0.13596
0.25019
0.14457
0.09478
-0.28366
0.15184
0.31744
0.23015
0.30954
-0.20040
-0.01643
0.25489
-0.06907
-0.14737
0.00875
0.20972
-0.15567
0.32456
0.25640
0.07079
0.18644
-0.08424
-0.10005
0.00091
0.06381
0.13105
-0.24750
0.27398
-0.08724
-0.12600
-0.22842
0.12680
-0.22581
0.26615
-0.12841
-0.15947
0.06799
-0.16097
-0.27932
0.02753
-0.01137
0.05425
-0.06758
0.26956
0.25688
0.29117
0.12929
-0.24879
0.26573
0.03568
0.17200
0.10217
0.30144
-0.27804
-0.24692
0.01525
0.20301
-0.14442
-0.06077
-0.23422
0.07958
0.06081
0.24258
0.20377
-0.02305
-0.23583
-0.30570
-0.30505
-0.04680
-0.23502
0.07247
0.29183
0.16923
-0.34511
0.21139
0.07611
0.29606
-0.00932
0.17732
0.21179
-0.32363
-0.00068
-0.03604
0.32781
0.07128
0.06704
-0.00694
-0.07570
0.27262
0.28229
0.04007
0.00220
-0.00691
-0.06735
-0.14403
0.32005
0.04682
-0.09973
-0.33501
-0.34998
0.01525
0.08746
0.29185
-0.16553
0.09236
0.15324
0.26058
0.03841
-0.20607
0.08790
-0.09980
-0.17971
-0.26278
0.21416
-0.20190
0.15851
-0.06880
0.14115
-0.26720
-0.14617
0.07344
0.12287
0.20603
-0.28347
-0.29447
-0.28800
-0.31342
0.10234
-0.03773
-0.29842
0.10236
0.32752
0.13904
0.04421
-0.18801
-0.11860
-0.15254
-0.27743
0.26981
-0.00862
0.16047
-0.17999
0.16167
0.24769
-0.31583
0.30977
0.05620
-0.03462
0.10092
0.13900
0.16921
-0.17564
-0.08812
0.02524
-0.10910
-0.03260
0.08724
-0.07252
-0.28025
-0.30049
-0.02094
0.17211
-0.32297
-0.23190
-0.13368
-0.16098
-0.00051
0.06378
-0.08841
-0.08070
-0.29484
-0.27794
0.08931
0.21684
0.31975
0.12348
0.17661
0.02595
-0.26114
-0.07247
-0.18504
0.25807
0.10189
0.07683
-0.06669
0.34279
-0.30576
-0.32945
-0.07973
-0.23602
-0.27993
0.24933
0.28610
-0.25290
-0.33258
-0.19758
-0.06389
0.01691
0.21620
0.19770
0.28622
0.27137
0.26976
0.02553
0.13820
0.23951
-0.20099
-0.03519
-0.08454
-0.11212
0.24234
0.08041
-0.20405
-0.00577
-0.19275
0.07926
-0.01298
-0.14852
0.09981
0.25729
-0.03453
0.16988
0.15662
-0.09844
0.26697
0.17404
0.05398
-0.14691
-0.15905
-0.07982
-0.29921
-0.22283
-0.15845
0.32054
0.15270
0.32975
0.21005
0.30171
-0.05544
-0.22450
-0.16042
-0.16311
0.20592
-0.01447
0.18112
-0.33684
-0.28522
-0.18186
-0.13535
0.16459
-0.27457
0.18011
-0.01553
0.23204
-0.26832
-0.09856
0.05608
0.13566
0.10452
0.24703
-0.29416
0.15531
-0.32580
-0.10261
0.12585
0.17690
-0.12286
-0.01410
0.12861
0.17170
0.11140
0.31819
-0.34141
-0.03268
-0.04628
0.18972
-0.01952
0.01850
-0.34214
0.19513
-0.16691
-0.26672
0.02525
0.16756
0.31533
0.10692
-0.28100
0.02141
-0.10742
0.17352
-0.08156
-0.05157
-0.02117
-0.05736
0.19582
-0.24532
-0.23046
-0.27704
0.09058
0.24815
0.24466
-0.14801
0.21634
0.25326
0.16931
-0.17995
0.09297
-0.20021
0.18855
0.10083
0.34492
-0.32836
0.18411
0.02017
0.18920
0.14944
-0.22291
0.25820
-0.17915
0.01967
0.08172
0.08929
0.31810
-0.28945
-0.31807
0.16392
-0.18476
-0.19853
0.23688
0.25582
-0.30038
0.13155
-0.24219
0.26596
0.03481
0.27711
-0.26399
-0.22222
-0.27309
0.27456
0.22861
-0.27817
0.29620
0.06273
0.09200
0.13541
-0.13783
0.21909
0.04361
0.03301
-0.11124
-0.22467
-0.22770
-0.14313
-0.16412
-0.19577
-0.32921
0.00112
-0.04429
0.25767
-0.09306
0.00533
0.03922
0.01474
-0.07871
-0.27597
-0.05814
0.00730
-0.14819
0.01877
-0.06814
-0.26958
0.09060
-0.12194
0.14315
-0.16741
-0.33653
-0.34469
-0.29832
0.05708
0.03833
-0.05955
0.18240
0.16063
0.14732
-0.33172
0.31486
0.16810
0.01940
-0.07943
0.07577
0.27634
0.27590
-0.23501
-0.05892
-0.15281
-0.16098
0.23294
0.20449
0.04083
-0.09829
-0.21365
0.12126
0.34230
0.01441
-0.08560
-0.17510
0.02788
-0.08028
-0.12342
-0.26504
0.30804
0.16703
0.26736
0.11867
-0.03565
0.28565
0.08354
-0.21755
-0.04495
-0.34589
0.20822
-0.11861
0.28001
0.32322
0.17247
-0.22280
-0.18776
0.05541
0.33169
0.20307
0.30712
-0.23196
-0.02567
0.29943
0.13246
0.23873
-0.22568
-0.18966
-0.19155
0.00091
-0.10470
-0.23351
-0.18206
-0.18733
0.23517
0.13228
-0.25169
-0.03130
0.26473
0.05336
-0.02719
0.12295
0.28475
-0.09718
0.09617
0.10722
0.03003
0.25841
-0.18737
0.01172
0.11148
-0.23025
0.12977
-0.26419
-0.28082
-0.08778
0.32454
-0.15650
0.07257
-0.21701
0.19441
0.31787
-0.10051
-0.33766
-0.21947
-0.21535
0.14462
-0.12115
0.10336
0.05935
0.28221
-0.27383
-0.16769
0.21696
-0.02101
0.27848
-0.02582
-0.34098
0.18689
0.13681
0.02075
-0.05163
0.25656
-0.19948
0.03418
0.32574
0.06274
0.00872
-0.18076
-0.21469
0.14171
-0.33636
-0.24683
-0.30880
-0.32401
-0.11629
-0.17415
0.17061
0.11256
0.27921
-0.12004
0.04477
-0.34462
0.06227
-0.08827
-0.01563
