piano-data.txt   1 channel (mono)
Sample Rate: 44100 Hz. Sample values on linear scale.
Length processed: 537 samples 0.01218 seconds.


-0.17205
-0.15558
-0.13628
-0.11404
-0.08954
-0.06339
-0.03608
-0.00788
0.02098
0.04889
0.07472
0.09788
0.11773
0.13532
0.14980
0.16147
0.17043
0.17724
0.18384
0.19065
0.19900
0.20894
0.22170
0.23742
0.25544
0.27505
0.29537
0.31665
0.33719
0.35660
0.37371
0.38859
0.40122
0.41057
0.41687
0.42002
0.42072
0.41828
0.41322
0.40534
0.39483
0.38161
0.36521
0.34675
0.32583
0.30320
0.27882
0.25369
0.22870
0.20342
0.17822
0.15359
0.13080
0.10979
0.09046
0.07303
0.05817
0.04615
0.03621
0.02797
0.02076
0.01429
0.00776
0.00031
-0.00806
-0.01805
-0.03023
-0.04452
-0.06050
-0.07726
-0.09511
-0.11382
-0.13245
-0.14989
-0.16499
-0.17757
-0.18697
-0.19266
-0.19416
-0.19145
-0.18462
-0.17410
-0.16083
-0.14577
-0.12980
-0.11340
-0.09765
-0.08325
-0.07102
-0.06056
-0.05174
-0.04419
-0.03730
-0.03155
-0.02635
-0.02234
-0.01943
-0.01736
-0.01631
-0.01573
-0.01523
-0.01424
-0.01255
-0.00978
-0.00570
0.00051
0.00876
0.01860
0.02959
0.04132
0.05369
0.06583
0.07713
0.08721
0.09667
0.10561
0.11403
0.12163
0.12822
0.13385
0.13823
0.14094
0.14106
0.13896
0.13414
0.12669
0.11634
0.10327
0.08910
0.07462
0.06104
0.04822
0.03728
0.02870
0.02267
0.01913
0.01723
0.01747
0.01864
0.01995
0.02036
0.01929
0.01668
0.01163
0.00406
-0.00574
-0.01752
-0.03125
-0.04746
-0.06597
-0.08562
-0.10639
-0.12806
-0.15062
-0.17347
-0.19554
-0.21679
-0.23642
-0.25375
-0.26798
-0.27884
-0.28687
-0.29215
-0.29495
-0.29581
-0.29511
-0.29335
-0.29034
-0.28651
-0.28227
-0.27775
-0.27317
-0.26839
-0.26429
-0.26043
-0.25715
-0.25419
-0.25156
-0.24990
-0.24867
-0.24852
-0.24875
-0.24931
-0.24927
-0.24799
-0.24586
-0.24212
-0.23689
-0.22921
-0.21879
-0.20524
-0.18835
-0.16798
-0.14438
-0.11844
-0.09014
-0.06070
-0.03094
-0.00214
0.02437
0.04819
0.06861
0.08560
0.09898
0.10965
0.11872
0.12690
0.13519
0.14398
0.15418
0.16662
0.18171
0.19861
0.21670
0.23569
0.25548
0.27613
0.29628
0.31585
0.33430
0.35194
0.36822
0.38228
0.39431
0.40376
0.41073
0.41427
0.41488
0.41233
0.40692
0.39863
0.38707
0.37329
0.35671
0.33772
0.31649
0.29384
0.27031
0.24609
0.22107
0.19639
0.17295
0.15084
0.13095
0.11274
0.09756
0.08469
0.07387
0.06478
0.05706
0.05086
0.04435
0.03727
0.02861
0.01872
0.00713
-0.00670
-0.02302
-0.04181
-0.06200
-0.08339
-0.10476
-0.12560
-0.14436
-0.15992
-0.17155
-0.17912
-0.18297
-0.18310
-0.17994
-0.17356
-0.16525
-0.15525
-0.14429
-0.13280
-0.12043
-0.10792
-0.09518
-0.08286
-0.07186
-0.06205
-0.05370
-0.04704
-0.04222
-0.03955
-0.03821
-0.03767
-0.03801
-0.03875
-0.03923
-0.03832
-0.03543
-0.03086
-0.02479
-0.01754
-0.00935
-0.00061
0.00859
0.01841
0.02881
0.03953
0.05024
0.06111
0.07227
0.08379
0.09515
0.10580
0.11532
0.12344
0.13006
0.13473
0.13722
0.13652
0.13253
0.12542
0.11566
0.10459
0.09205
0.07908
0.06616
0.05419
0.04446
0.03658
0.03120
0.02764
0.02578
0.02549
0.02554
0.02578
0.02561
0.02496
0.02400
0.02190
0.01798
0.01185
0.00317
-0.00761
-0.02039
-0.03560
-0.05328
-0.07373
-0.09596
-0.11916
-0.14288
-0.16633
-0.18931
-0.21048
-0.22902
-0.24498
-0.25811
-0.26899
-0.27750
-0.28350
-0.28758
-0.28985
-0.29086
-0.29060
-0.28901
-0.28650
-0.28342
-0.28038
-0.27709
-0.27365
-0.26994
-0.26635
-0.26355
-0.26154
-0.26040
-0.25994
-0.26033
-0.26124
-0.26307
-0.26526
-0.26746
-0.26946
-0.27002
-0.26902
-0.26527
-0.25820
-0.24723
-0.23191
-0.21292
-0.19045
-0.16547
-0.13827
-0.11010
-0.08233
-0.05585
-0.03143
-0.00905
0.01044
0.02708
0.04126
0.05408
0.06617
0.07707
0.08754
0.09809
0.10948
0.12182
0.13468
0.14890
0.16503
0.18289
0.20202
0.22178
0.24227
0.26336
0.28406
0.30383
0.32254
0.34015
0.35625
0.37034
0.38190
0.39091
0.39740
0.40087
0.40139
0.39878
0.39314
0.38436
0.37239
0.35750
0.33981
0.32005
0.29884
0.27660
0.25371
0.23071
0.20794
0.18607
0.16540
0.14653
0.13007
0.11598
0.10448
0.09508
0.08778
0.08218
0.07710
0.07139
0.06405
0.05430
0.04180
0.02670
0.00878
-0.01121
-0.03285
-0.05507
-0.07638
-0.09626
-0.11397
-0.12948
-0.14253
-0.15291
-0.16071
-0.16578
-0.16824
-0.16796
-0.16527
-0.16017
-0.15221
-0.14194
-0.13019
-0.11789
-0.10526
-0.09242
-0.08044
-0.07048
-0.06294
-0.05725
-0.05316
-0.05074
-0.04966
-0.04875
-0.04763
-0.04637
-0.04491
-0.04280
-0.03894
-0.03421
-0.02913
-0.02362
-0.01728
-0.00957
-0.00113
0.00759
0.01670
0.02648
0.03714
0.04879
0.06113
0.07405
0.08699
0.10007
0.11272
0.12356
0.13218
0.13789
0.14129
0.14200
0.13940
0.13370
0.12560
0.11600
0.10530
0.09422
0.08340
0.07353
0.06466
0.05707
0.05134
0.04751
0.04527
0.04426
0.04439
0.04589
0.04793
0.04976
0.05118
0.05160
0.05094
0.04802
0.04246
0.03423
0.02304
0.00887
-0.00807
-0.02704
-0.04778
-0.06975
-0.09284
-0.11592
-0.13840
-0.16018
-0.18080
