sine-data.txt   1 channel (mono)
Sample Rate: 44100 Hz. Sample values on linear scale.
Length processed: 537 samples 0.01218 seconds.


0.00000
0.01097
0.02193
0.03286
0.04377
0.05463
0.06544
0.07618
0.08685
0.09743
0.10792
0.11830
0.12857
0.13870
0.14871
0.15856
0.16826
0.17780
0.18716
0.19634
0.20532
0.21410
0.22268
0.23103
0.23915
0.24705
0.25469
0.26209
0.26923
0.27611
0.28272
0.28904
0.29509
0.30084
0.30630
0.31146
0.31631
0.32085
0.32507
0.32898
0.33256
0.33582
0.33874
0.34134
0.34359
0.34551
0.34709
0.34833
0.34923
0.34979
0.35000
0.34986
0.34939
0.34857
0.34741
0.34590
0.34406
0.34188
0.33936
0.33651
0.33333
0.32982
0.32599
0.32183
0.31737
0.31258
0.30750
0.30211
0.29642
0.29044
0.28418
0.27764
0.27082
0.26374
0.25640
0.24881
0.24097
0.23290
0.22459
0.21607
0.20734
0.19840
0.18926
0.17994
0.17045
0.16078
0.15096
0.14099
0.13088
0.12064
0.11029
0.09982
0.08926
0.07861
0.06788
0.05709
0.04624
0.03534
0.02441
0.01346
0.00249
-0.00848
-0.01944
-0.03038
-0.04129
-0.05216
-0.06299
-0.07374
-0.08443
-0.09503
-0.10554
-0.11595
-0.12624
-0.13641
-0.14645
-0.15634
-0.16607
-0.17565
-0.18505
-0.19427
-0.20330
-0.21213
-0.22075
-0.22915
-0.23733
-0.24527
-0.25298
-0.26043
-0.26763
-0.27457
-0.28124
-0.28763
-0.29374
-0.29956
-0.30508
-0.31031
-0.31523
-0.31984
-0.32414
-0.32812
-0.33177
-0.33511
-0.33811
-0.34078
-0.34311
-0.34511
-0.34677
-0.34808
-0.34906
-0.34969
-0.34998
-0.34993
-0.34953
-0.34878
-0.34770
-0.34627
-0.34451
-0.34240
-0.33996
-0.33719
-0.33408
-0.33065
-0.32689
-0.32281
-0.31841
-0.31370
-0.30868
-0.30336
-0.29774
-0.29183
-0.28563
-0.27915
-0.27239
-0.26537
-0.25809
-0.25055
-0.24277
-0.23475
-0.22650
-0.21803
-0.20934
-0.20045
-0.19135
-0.18208
-0.17262
-0.16299
-0.15321
-0.14327
-0.13319
-0.12298
-0.11265
-0.10221
-0.09167
-0.08104
-0.07033
-0.05955
-0.04871
-0.03782
-0.02690
-0.01595
-0.00499
0.00598
0.01695
0.02790
0.03882
0.04970
0.06053
0.07131
0.08201
0.09263
0.10316
0.11360
0.12391
0.13411
0.14418
0.15410
0.16387
0.17349
0.18293
0.19219
0.20126
0.21014
0.21881
0.22726
0.23549
0.24349
0.25125
0.25876
0.26602
0.27302
0.27975
0.28620
0.29238
0.29826
0.30385
0.30915
0.31414
0.31882
0.32319
0.32724
0.33097
0.33438
0.33745
0.34020
0.34261
0.34468
0.34642
0.34781
0.34887
0.34958
0.34994
0.34997
0.34965
0.34898
0.34798
0.34663
0.34494
0.34291
0.34055
0.33785
0.33482
0.33146
0.32777
0.32376
0.31944
0.31480
0.30985
0.30459
0.29904
0.29319
0.28706
0.28064
0.27395
0.26699
0.25977
0.25229
0.24456
0.23659
0.22840
0.21997
0.21133
0.20248
0.19344
0.18420
0.17478
0.16519
0.15544
0.14554
0.13549
0.12531
0.11501
0.10459
0.09407
0.08346
0.07277
0.06200
0.05118
0.04030
0.02939
0.01844
0.00748
-0.00349
-0.01446
-0.02541
-0.03634
-0.04723
-0.05807
-0.06886
-0.07958
-0.09023
-0.10078
-0.11123
-0.12158
-0.13181
-0.14190
-0.15186
-0.16167
-0.17132
-0.18080
-0.19010
-0.19922
-0.20814
-0.21685
-0.22536
-0.23364
-0.24169
-0.24951
-0.25708
-0.26439
-0.27145
-0.27824
-0.28476
-0.29100
-0.29695
-0.30261
-0.30797
-0.31303
-0.31778
-0.32223
-0.32635
-0.33015
-0.33363
-0.33678
-0.33960
-0.34209
-0.34424
-0.34605
-0.34753
-0.34866
-0.34945
-0.34989
-0.34999
-0.34975
-0.34916
-0.34824
-0.34696
-0.34535
-0.34340
-0.34111
-0.33849
-0.33553
-0.33225
-0.32864
-0.32470
-0.32045
-0.31588
-0.31100
-0.30581
-0.30033
-0.29455
-0.28848
-0.28213
-0.27550
-0.26860
-0.26143
-0.25401
-0.24634
-0.23843
-0.23028
-0.22191
-0.21331
-0.20451
-0.19551
-0.18632
-0.17694
-0.16739
-0.15767
-0.14780
-0.13779
-0.12764
-0.11736
-0.10697
-0.09647
-0.08588
-0.07521
-0.06446
-0.05364
-0.04278
-0.03187
-0.02093
-0.00997
0.00100
0.01197
0.02292
0.03386
0.04476
0.05561
0.06642
0.07715
0.08781
0.09839
0.10887
0.11924
0.12949
0.13962
0.14961
0.15945
0.16914
0.17866
0.18800
0.19716
0.20613
0.21489
0.22344
0.23178
0.23988
0.24775
0.25538
0.26275
0.26987
0.27672
0.28330
0.28960
0.29562
0.30135
0.30678
0.31191
0.31673
0.32124
0.32544
0.32932
0.33287
0.33610
0.33899
0.34155
0.34378
0.34567
0.34722
0.34843
0.34930
0.34982
0.35000
0.34984
0.34933
0.34848
0.34728
0.34575
0.34388
0.34166
0.33912
0.33623
0.33302
0.32949
0.32562
0.32144
0.31694
0.31213
0.30702
0.30160
0.29589
0.28988
0.28359
0.27703
0.27019
0.26308
0.25572
0.24810
0.24025
0.23215
0.22383
0.21528
0.20653
0.19757
0.18842
0.17909
0.16957
0.15990
0.15006
0.14008
0.12996
0.11971
0.10934
0.09887
0.08830
0.07764
0.06691
0.05611
0.04525
0.03435
0.02342
0.01246
0.00150
-0.00947
-0.02043
-0.03137
-0.04228
-0.05315
-0.06397
-0.07472
-0.08540
-0.09599
-0.10649
-0.11689
-0.12717
-0.13733
-0.14735
-0.15723
-0.16695
-0.17651
-0.18589
-0.19510
-0.20411
-0.21292
-0.22152
-0.22990
-0.23806
-0.24598
-0.25367
-0.26110
-0.26828
-0.27519
-0.28183
-0.28820
-0.29428
-0.30007
-0.30557
-0.31077
